0 0.5 0.5 0.996875 1
0 0.5 0.271875 0.5375 0.5359375
0 0.18203125 0.57890625 0.3421875 0.34375
0 0.5390625 0.76640625 0.459375 0.459375
0 0.840625 0.52734375 0.31875 0.3140625
0 0.8421875 0.7578125 0.140625 0.146875
0 0.13828125 0.3140625 0.1875 0.1890625
0 0.85546875 0.284375 0.1734375 0.1671875
0 0.2359375 0.8265625 0.15625 0.1609375
0 0.79140625 0.86015625 0.0765625 0.0703125
0 0.3140625 0.91875 0.0859375 0.0859375
0 0.1296875 0.78125 0.0734375 0.0671875
0 0.04765625 0.41328125 0.078125 0.0828125
0 0.190625 0.17734375 0.10625 0.1046875
0 0.8015625 0.16015625 0.0953125 0.1109375
0 0.9453125 0.36484375 0.0671875 0.0734375
0 0.92421875 0.6953125 0.065625 0.0625
0 0.65 0.53359375 0.0640625 0.0734375
0 0.38828125 0.553125 0.075 0.0703125
0 0.23203125 0.390625 0.04375 0.05
0 0.778125 0.36015625 0.0421875 0.040625
0 0.86484375 0.184375 0.0328125 0.040625
0 0.71015625 0.06875 0.0390625 0.0328125
0 0.74921875 0.10078125 0.0671875 0.0703125
0 0.31484375 0.05234375 0.03125 0.0359375
0 0.2859375 0.0765625 0.04375 0.046875
0 0.24453125 0.10546875 0.0640625 0.0703125
0 0.121875 0.2015625 0.040625 0.04375
0 0.03671875 0.3609375 0.0390625 0.034375
0 0.25703125 0.409375 0.0234375 0.0265625
0 0.35859375 0.51640625 0.0265625 0.03125
0 0.4359375 0.546875 0.0359375 0.034375
0 0.603125 0.534375 0.0421875 0.0359375
0 0.3671875 0.95625 0.05 0.0546875
0 0.40546875 0.975 0.0390625 0.0421875
0 0.43203125 0.98359375 0.021875 0.028125
0 0.72265625 0.9296875 0.034375 0.0328125
0 0.69921875 0.94609375 0.0296875 0.0265625
0 0.684375 0.9578125 0.0234375 0.028125
0 0.66953125 0.96328125 0.0203125 0.021875
0 0.77578125 0.81015625 0.0234375 0.0234375
0 0.84296875 0.84453125 0.0296875 0.03125
0 0.92421875 0.740625 0.0265625 0.028125
0 0.8625 0.83515625 0.0140625 0.0171875
0 0.7828125 0.90390625 0.01875 0.0171875
0 0.95 0.31640625 0.0328125 0.0296875
0 0.94765625 0.29375 0.015625 0.0203125
0 0.88671875 0.196875 0.0171875 0.01875
0 0.89765625 0.20546875 0.0109375 0.0140625
0 0.68125 0.05 0.03125 0.0390625
0 0.65859375 0.03828125 0.0265625 0.03125
0 0.63984375 0.02890625 0.0171875 0.0203125
0 0.625 0.0234375 0.0140625 0.0203125
0 0.6125 0.01953125 0.0078125 0.0171875
0 0.3390625 0.03984375 0.025 0.0265625
0 0.3578125 0.0296875 0.0171875 0.0203125
0 0.22421875 0.25859375 0.0140625 0.0203125
0 0.2171875 0.23984375 0.0265625 0.03125
0 0.09921875 0.2203125 0.0203125 0.025
0 0.0375 0.33515625 0.0171875 0.0203125
0 0.140625 0.83046875 0.0234375 0.0296875
0 0.0890625 0.7484375 0.0421875 0.0421875
0 0.06484375 0.7234375 0.028125 0.034375
0 0.75078125 0.9046875 0.04375 0.0453125
0 0.95625 0.65859375 0.034375 0.0328125
0 0.9734375 0.41015625 0.0375 0.0375
0 0.984375 0.43828125 0.0234375 0.021875
0 0.990625 0.45546875 0.015625 0.015625
0 0.99375 0.46875 0.0109375 0.0109375
0 0.2 0.11484375 0.021875 0.021875
0 0.2890625 0.74140625 0.040625 0.040625
0 0.171875 0.76328125 0.0203125 0.0203125
0 0.25625 0.91875 0.03125 0.03125
0 0.23359375 0.9140625 0.015625 0.015625
0 0.30078125 0.76875 0.0171875 0.015625
0 0.30546875 0.71484375 0.01875 0.01875
0 0.26015625 0.74296875 0.0171875 0.015625