0 0.50078125 0.4953125 0.103125 0.1671875
0 0.45625 0.4234375 0.0140625 0.0234375
0 0.484375 0.39765625 0.0140625 0.0234375
0 0.51640625 0.3984375 0.0140625 0.025
0 0.54453125 0.4234375 0.015625 0.025
0 0.5609375 0.46875 0.015625 0.0234375
0 0.56015625 0.51640625 0.015625 0.025
0 0.54453125 0.56640625 0.015625 0.0234375
0 0.51640625 0.59140625 0.0125 0.0234375
0 0.48359375 0.590625 0.015625 0.0234375
0 0.45625 0.565625 0.0140625 0.0234375
0 0.43671875 0.553125 0.01875 0.0296875
0 0.43984375 0.52109375 0.015625 0.0234375
0 0.4265625 0.49375 0.0171875 0.028125
0 0.43984375 0.46875 0.015625 0.0265625
0 0.4359375 0.43515625 0.01875 0.0296875
0 0.44140625 0.40078125 0.01875 0.0296875
0 0.46328125 0.39140625 0.01875 0.0296875
0 0.5 0.37734375 0.01875 0.0296875
0 0.53671875 0.39296875 0.01875 0.0296875
0 0.55859375 0.4015625 0.01875 0.0296875
0 0.5640625 0.43515625 0.01875 0.028125
0 0.5796875 0.45546875 0.0203125 0.03125
0 0.5734375 0.49140625 0.01875 0.0296875
0 0.5796875 0.5296875 0.0203125 0.03125
0 0.5640625 0.55390625 0.0203125 0.03125
0 0.58515625 0.57265625 0.0234375 0.0359375
0 0.55859375 0.58828125 0.01875 0.03125
0 0.53671875 0.596875 0.0203125 0.03125
0 0.47890625 0.36640625 0.0203125 0.03125
0 0.4515625 0.35859375 0.0234375 0.0359375
0 0.52109375 0.36640625 0.0203125 0.03125
0 0.58515625 0.4125 0.021875 0.034375
0 0.578125 0.3640625 0.028125 0.0453125
0 0.5484375 0.359375 0.021875 0.0359375
0 0.52890625 0.3234375 0.028125 0.046875
0 0.5 0.2890625 0.0328125 0.053125
0 0.46171875 0.2671875 0.034375 0.05625
0 0.41484375 0.2578125 0.0390625 0.0609375
0 0.3609375 0.27265625 0.0484375 0.078125
0 0.303125 0.31171875 0.05625 0.0890625
0 0.2484375 0.3859375 0.059375 0.096875
0 0.2 0.49609375 0.06875 0.1109375
0 0.16875 0.63359375 0.0828125 0.1375
0 0.15625 0.809375 0.1 0.1671875
0 0.5 0.33828125 0.021875 0.0375
0 0.4703125 0.3234375 0.0296875 0.0453125
0 0.4359375 0.31640625 0.0328125 0.0515625
0 0.39609375 0.32890625 0.034375 0.0546875
0 0.3515625 0.35546875 0.0390625 0.059375
0 0.309375 0.41171875 0.05 0.0765625
0 0.271875 0.4953125 0.05625 0.090625
0 0.24921875 0.60234375 0.0546875 0.0875
0 0.23984375 0.7359375 0.0671875 0.109375
0 0.2578125 0.88125 0.084375 0.1375
0 0.421875 0.36953125 0.0296875 0.046875
0 0.38828125 0.39140625 0.0328125 0.053125
0 0.35859375 0.43359375 0.034375 0.053125
0 0.32890625 0.49453125 0.0390625 0.0625
0 0.3109375 0.5765625 0.0484375 0.078125
0 0.303125 0.67578125 0.0578125 0.0921875
0 0.31640625 0.78671875 0.0578125 0.09375
0 0.35 0.91015625 0.0703125 0.1078125
0 0.41640625 0.415625 0.021875 0.0359375
0 0.39296875 0.4484375 0.028125 0.04375
0 0.37109375 0.49453125 0.03125 0.0515625
0 0.35859375 0.55546875 0.03125 0.0484375
0 0.35234375 0.63203125 0.0359375 0.059375
0 0.36171875 0.7171875 0.046875 0.08125
0 0.38671875 0.80859375 0.0546875 0.0890625
0 0.43359375 0.896875 0.0578125 0.0921875
0 0.4203125 0.4609375 0.01875 0.0328125
0 0.403125 0.49453125 0.021875 0.0359375
0 0.39296875 0.540625 0.0296875 0.04375
0 0.38828125 0.5984375 0.0328125 0.0515625
0 0.396875 0.66015625 0.03125 0.05
0 0.41484375 0.73125 0.0375 0.059375
0 0.44921875 0.79765625 0.05 0.078125
0 0.49921875 0.85703125 0.05625 0.0890625
0 0.5671875 0.8953125 0.0578125 0.090625
0 0.6515625 0.91171875 0.065625 0.10625
0 0.7421875 0.88203125 0.08125 0.1328125
0 0.84375 0.81328125 0.0953125 0.1515625
0 0.9390625 0.6828125 0.1 0.1625
0 0.896875 0.49453125 0.0921875 0.1515625
0 0.4203125 0.52890625 0.01875 0.0296875
0 0.415625 0.57265625 0.0234375 0.0390625
0 0.42109375 0.6203125 0.028125 0.04375
0 0.4359375 0.67421875 0.0328125 0.0515625
0 0.46171875 0.72109375 0.034375 0.05625
0 0.5 0.76875 0.0375 0.0625
0 0.55078125 0.796875 0.046875 0.0734375
0 0.6140625 0.81015625 0.0578125 0.0890625
0 0.684375 0.78984375 0.0578125 0.09375
0 0.7609375 0.73515625 0.065625 0.1046875
0 0.83125 0.63828125 0.0828125 0.1328125
0 0.93828125 0.30625 0.1 0.1609375
0 0.94921875 0.0828125 0.1015625 0.165625
0 0.440625 0.58828125 0.01875 0.03125
0 0.4515625 0.63046875 0.021875 0.0359375
0 0.47109375 0.665625 0.0296875 0.046875
0 0.5 0.70234375 0.0328125 0.0515625
0 0.5390625 0.72109375 0.034375 0.05625
0 0.58515625 0.73125 0.0375 0.0609375
0 0.63828125 0.71640625 0.0484375 0.075
0 0.69609375 0.6765625 0.0546875 0.0890625
0 0.7515625 0.603125 0.05625 0.09375
0 0.80078125 0.49453125 0.0671875 0.1078125
0 0.83125 0.35234375 0.0828125 0.13125
0 0.84296875 0.178125 0.0984375 0.1515625
0 0.7421875 0.10625 0.0828125 0.1328125
0 0.7609375 0.25546875 0.0671875 0.1078125
0 0.75234375 0.38828125 0.059375 0.0953125
0 0.72734375 0.49453125 0.0546875 0.0921875
0 0.68984375 0.5765625 0.0515625 0.078125
0 0.64921875 0.63125 0.0359375 0.0625
0 0.6046875 0.66171875 0.034375 0.053125
0 0.565625 0.6734375 0.034375 0.053125
0 0.52890625 0.66640625 0.028125 0.04375
0 0.50078125 0.65078125 0.021875 0.0359375
0 0.46328125 0.596875 0.01875 0.03125
0 0.47890625 0.62265625 0.0203125 0.034375
0 0.94921875 0.91171875 0.1015625 0.1765625
0 0.5 0.61328125 0.0203125 0.03125
0 0.521875 0.6234375 0.0203125 0.0328125
0 0.54921875 0.63046875 0.0234375 0.0375
0 0.578125 0.6203125 0.0296875 0.046875
0 0.61171875 0.5984375 0.0328125 0.0546875
0 0.6421875 0.55546875 0.034375 0.053125
0 0.60703125 0.540625 0.028125 0.046875
0 0.59765625 0.4953125 0.0234375 0.0359375
0 0.62890625 0.4953125 0.034375 0.053125
0 0.67109375 0.4953125 0.0390625 0.0640625
0 0.60703125 0.44921875 0.028125 0.04375
0 0.6421875 0.43359375 0.034375 0.053125
0 0.68984375 0.41484375 0.05 0.08125
0 0.6125 0.39140625 0.034375 0.0546875
0 0.6484375 0.3578125 0.0390625 0.0625
0 0.69765625 0.3140625 0.05625 0.090625
0 0.6046875 0.3296875 0.0328125 0.053125
0 0.63828125 0.271875 0.05 0.075
0 0.58671875 0.259375 0.0390625 0.0625
0 0.56484375 0.3109375 0.0328125 0.0515625
0 0.53828125 0.26328125 0.034375 0.053125
0 0.68515625 0.2015625 0.05625 0.0921875
0 0.6140625 0.18203125 0.0546875 0.0875
0 0.65078125 0.078125 0.065625 0.1046875
0 0.5671875 0.09375 0.0578125 0.0921875
0 0.55078125 0.1921875 0.046875 0.0765625
0 0.5 0.13203125 0.0546875 0.0890625
0 0.5 0.215625 0.0375 0.0609375
0 0.45 0.18828125 0.0484375 0.0765625
0 0.4328125 0.09375 0.0578125 0.0890625
0 0.38671875 0.17578125 0.0546875 0.090625
0 0.35 0.07734375 0.06875 0.1015625
0 0.2578125 0.10859375 0.084375 0.1328125
0 0.3171875 0.19765625 0.0578125 0.09375
0 0.23984375 0.2484375 0.065625 0.109375
0 0.16796875 0.35 0.0828125 0.1390625
0 0.15859375 0.17890625 0.103125 0.1578125
0 0.0515625 0.08359375 0.103125 0.1671875
0 0.06171875 0.30625 0.0984375 0.1609375
0 0.1046875 0.49375 0.0984375 0.159375
0 0.0625 0.67890625 0.1015625 0.1625
0 0.05078125 0.909375 0.1015625 0.18125
0 0.5 0.9609375 0.065625 0.078125