0 0.5046875 0.45390625 0.678125 0.5078125
0 0.503125 0.459375 0.0703125 0.05625
0 0.6046875 0.28125 0.025 0.0203125
0 0.53671875 0.2671875 0.028125 0.0234375
0 0.46328125 0.26796875 0.028125 0.021875
0 0.39609375 0.2828125 0.03125 0.0234375
0 0.2734375 0.3796875 0.028125 0.0203125
0 0.24609375 0.4546875 0.025 0.0171875
0 0.275 0.52890625 0.0265625 0.0203125
0 0.378125 0.621875 0.03125 0.0234375
0 0.44296875 0.64140625 0.028125 0.01875
0 0.56328125 0.64140625 0.03125 0.0203125
0 0.6234375 0.62265625 0.0296875 0.0203125
0 0.72890625 0.52890625 0.028125 0.01875
0 0.753125 0.48359375 0.0265625 0.0203125
0 0.7546875 0.4328125 0.028125 0.025
0 0.7328125 0.3859375 0.0328125 0.021875