0 0.346875 0.39140625 0.0453125 0.0625
0 0.31640625 0.184375 0.040625 0.06875
0 0.2390625 0.13125 0.0390625 0.0546875
0 0.36796875 0.059375 0.0421875 0.05
0 0.4609375 0.1828125 0.0390625 0.0546875
0 0.54921875 0.06484375 0.04375 0.0671875
0 0.63984375 0.1328125 0.04375 0.06875
0 0.784375 0.25078125 0.0421875 0.0640625
0 0.90859375 0.26328125 0.04375 0.0671875
0 0.8984375 0.52109375 0.040625 0.0515625
0 0.9140625 0.6828125 0.0421875 0.0578125
0 0.94765625 0.8453125 0.0390625 0.0609375
0 0.50078125 0.5015625 0.9984375 0.996875
0 0.05 0.39296875 0.0390625 0.0609375
0 0.09140625 0.546875 0.034375 0.0578125
0 0.19375 0.47265625 0.04375 0.075
0 0.1640625 0.29375 0.0421875 0.06875
0 0.27578125 0.56328125 0.0453125 0.0546875
0 0.32421875 0.79765625 0.05 0.0640625
0 0.38515625 0.54140625 0.0453125 0.08125
0 0.484375 0.46484375 0.0390625 0.0671875
0 0.48984375 0.3296875 0.040625 0.0890625
0 0.58984375 0.26484375 0.040625 0.075
0 0.6734375 0.3453125 0.040625 0.06875
0 0.71484375 0.50078125 0.040625 0.046875
0 0.81640625 0.43671875 0.040625 0.05
0 0.82109375 0.6453125 0.0421875 0.0515625
0 0.85703125 0.934375 0.04375 0.0671875
0 0.7859375 0.9203125 0.0484375 0.0546875
0 0.7296875 0.76875 0.0421875 0.06875
0 0.68515625 0.69296875 0.04375 0.05
0 0.59296875 0.55 0.0421875 0.046875
0 0.5171875 0.64140625 0.0390625 0.04375
0 0.57734375 0.7484375 0.04375 0.05625
0 0.6078125 0.903125 0.046875 0.0671875
0 0.459375 0.946875 0.040625 0.06875
0 0.42421875 0.7296875 0.04375 0.0546875
0 0.25625 0.928125 0.040625 0.059375
0 0.203125 0.7140625 0.0375 0.0390625
0 0.16875 0.93359375 0.0453125 0.046875
0 0.053125 0.6984375 0.0359375 0.0578125
0 0.10546875 0.80234375 0.0390625 0.0609375